cluster	size	longest_contig	n50	number_contigs	completeness	purity	av_cov	av_gc
DBSCAN_round3_1	3541257	127916	39772	111	63.309352518	100.0	39.5837195662	63.8586524502
DBSCAN_round3_0	10140736	160132	38995	331	86.3309352518	95.2380952381	39.0994054081	63.6234194441
DBSCAN_round4_1	40701	40701	40701	1	33.8129496403	100.0	43.2304857375	63.7085083905
DBSCAN_round1_3	8334863	448741	103256	120	98.5611510791	95.1388888889	21.4202872921	71.0382282228
DBSCAN_round1_2	4892922	482622	215529	53	98.5611510791	95.8041958042	35.1872232993	64.7061817049
DBSCAN_round1_0	5676145	635066	402662	43	98.5611510791	100.0	363.230821975	58.7596511365
DBSCAN_round1_6	5150405	99039	25676	225	92.0863309353	99.2248062016	572.037353761	42.9101983242
DBSCAN_round1_4	4388071	161794	37208	142	91.3669064748	99.21875	11.70414084	69.1497471212
DBSCAN_round2_0	3071082	548814	243175	19	100.0	99.2857142857	148.931793746	64.9131153125
DBSCAN_round2_2	2491260	100769	26297	115	76.9784172662	98.1651376147	9.92795412763	64.6779139873
unclustered	184809	97440	97440	6	12.2302158273	100.0	19.6972279489	64.6581064775
