cluster	size	longest_contig	n50	number_contigs	completeness	purity	av_cov	av_gc
DBSCAN_round48_0	1359122	608517	396625	4	32.3741007194	100.0	118.971136513	69.5675590565
DBSCAN_round3_7	167370	167370	167370	1	33.8129496403	100.0	120.102587083	69.6558523033
DBSCAN_round3_1	2989554	1019174	954405	5	73.381294964	99.0291262136	145.520389663	68.8874327074
DBSCAN_round3_0	1272867	970963	970963	3	26.618705036	100.0	143.7823064	67.8156476678
DBSCAN_round41_1	2842592	639840	328540	8	57.5539568345	97.5609756098	16.3877007323	69.3067102138
DBSCAN_round1_11	3853897	127574	38768	122	53.9568345324	98.6842105263	11.5061611662	67.5270771378
DBSCAN_round4_1	885690	196339	138529	11	43.8848920863	100.0	180.642459551	67.990944913
DBSCAN_round1_3	4885023	843786	259336	28	100.0	95.2054794521	54.0346737364	63.8728210696
DBSCAN_round1_2	5164100	580822	361898	21	97.8417266187	100.0	413.587645863	43.7973509421
DBSCAN_round1_0	6032713	2549967	1220226	27	97.8417266187	99.2700729927	94.9811381712	43.5092635768
DBSCAN_round1_7	6008684	636768	225331	59	97.1223021583	97.1223021583	46.9490369273	53.3404319482
unclustered	2839998	706604	297026	35	54.6762589928	96.2025316456	109.983083087	68.7382174213
DBSCAN_round1_5	3622582	813199	682809	8	100.0	97.8873239437	28.3701219186	63.6173591102
DBSCAN_round1_10	4755565	174803	55373	114	69.0647482014	98.9690721649	13.4159926318	58.9760838092
DBSCAN_round2_3	533254	462332	462332	2	38.1294964029	100.0	16.3457676829	68.6329591527
DBSCAN_round1_9	4122634	273257	108274	64	85.6115107914	97.5409836066	14.6732035878	69.4353173238
DBSCAN_round1_8	6457322	623268	192254	44	97.1223021583	97.8260869565	590.001414983	46.3931177662
DBSCAN_round2_1	4931485	859859	530917	13	56.1151079137	98.7341772152	172.286948455	70.5817416052
DBSCAN_round1_6	4854454	773596	290114	28	99.2805755396	99.2805755396	17.7014137944	68.4547839984
