cluster	size	longest_contig	n50	number_contigs	completeness	purity	av_cov	av_gc
DBSCAN_round3_7	4678095	218096	63397	103	96.4028776978	97.1014492754	13.5727549355	60.8236472325
DBSCAN_round24_0	5106092	659771	283160	33	71.2230215827	95.1923076923	47.1697016035	65.1479252626
DBSCAN_round3_1	6844816	1781530	635699	18	100.0	94.5578231293	71.7466281051	61.8801878677
DBSCAN_round3_0	6842781	2015733	778479	33	99.2805755396	98.5714285714	21.6806561543	63.0829482925
DBSCAN_round3_3	5006139	770353	388712	17	100.0	98.5815602837	90.8817376026	59.5667839027
DBSCAN_round3_2	5759867	1651724	742568	14	85.6115107914	95.2	11.5485593678	61.5827414071
DBSCAN_round4_4	3208774	533089	108232	46	59.7122302158	98.8095238095	27.7217709941	69.0964524145
DBSCAN_round4_3	4465531	650294	137595	39	33.8129496403	100.0	27.8743791052	70.1787760515
DBSCAN_round4_0	4998776	836520	171358	38	79.1366906475	100.0	29.9319105317	68.9529396796
DBSCAN_round1_2	8704112	392607	112970	132	100.0	95.8620689655	78.3632160294	41.5179400265
DBSCAN_round3_6	4443841	439912	250280	42	96.4028776978	97.8102189781	56.7975265092	66.2367757982
DBSCAN_round5_3	371360	243002	243002	2	20.1438848921	100.0	30.4212489229	64.7282959931
unclustered	1949856	734349	59355	41	23.7410071942	94.2857142857	101.337227467	65.6960308864
DBSCAN_round21_0	5760852	773319	441888	26	84.1726618705	95.9016393443	26.6628988212	65.3091591313
DBSCAN_round2_4	8650447	791099	293630	60	96.4028776978	93.0555555556	71.9858266284	71.6684351687
DBSCAN_round2_5	4111671	721375	297460	23	100.0	97.8873239437	1323.14477861	65.3444791667
DBSCAN_round2_6	3196014	63490	15752	197	53.9568345324	96.1538461538	5.73295767791	74.2557448121
DBSCAN_round2_7	1710018	33224	14948	116	24.4604316547	100.0	4.93148902526	41.8889157892
DBSCAN_round2_1	4322644	1740760	987156	5	100.0	100.0	158.35858817	68.4688121437
