cluster	size	longest_contig	n50	number_contigs	completeness	purity	av_cov	av_gc
DBSCAN_round6_1	6911907	1545170	559885	97	99.2805755396	91.3907284768	37.4911381186	60.7537109513
DBSCAN_round7_2	5232031	480139	165575	54	98.5611510791	97.8571428571	13.1494790455	62.8709195339
DBSCAN_round1_1	8192881	924482	218135	85	100.0	95.8620689655	47.3056599992	41.5876539645
DBSCAN_round2_4	2578213	341433	269155	14	99.2805755396	99.2805755396	23.1513443614	70.0573226495
DBSCAN_round2_6	8559521	240988	60493	194	84.8920863309	97.520661157	18.003077275	69.3892917606
DBSCAN_round2_7	3625870	104314	34574	129	51.0791366906	100.0	11.5059378853	68.2470138201
DBSCAN_round2_1	5413768	1203444	444733	22	100.0	97.8873239437	88.3899463368	66.8100480109
DBSCAN_round2_2	3334565	1136373	410530	13	99.2805755396	97.8723404255	292.899991153	66.2463919582
DBSCAN_round2_3	4642630	587474	287883	25	99.2805755396	98.5714285714	31.8882409324	69.6739563566
DBSCAN_round61_2	511247	511247	511247	1	30.2158273381	100.0	2292.3770252	66.4932997162
DBSCAN_round61_1	3287995	3287995	3287995	1	99.2805755396	100.0	400.75369336	64.2725734072
DBSCAN_round23_0	614967	565704	565704	2	23.0215827338	100.0	2104.54754157	65.2012221794
DBSCAN_round5_2	4072784	927719	320723	14	99.2805755396	100.0	147.498582788	64.9111271307
DBSCAN_round8_2	5304128	247913	65494	111	71.2230215827	96.1165048544	11.1024347452	65.348724616
DBSCAN_round10_12	34078	34078	34078	1	27.3381294964	100.0	10.418774576	63.225541405
DBSCAN_round9_3	698219	349779	349779	2	38.1294964029	100.0	29.5527062426	60.3504058182
DBSCAN_round9_2	6028382	917793	446906	22	61.8705035971	91.4893617021	31.0796658208	62.0652938052
DBSCAN_round9_1	4417255	786760	474132	18	82.0143884892	98.275862069	40.7630505823	61.3656671394
DBSCAN_round3_1	4944524	770343	388712	17	100.0	98.5815602837	162.946556028	59.6048274819
DBSCAN_round4_2	4345246	745307	245714	25	100.0	97.8873239437	67.1322530416	65.1173259236
unclustered	3090187	356461	18749	148	43.1654676259	93.75	511.496182917	63.4988756344
DBSCAN_round20_0	1862993	1403778	1403778	16	49.6402877698	95.8333333333	1746.93476519	64.9048600827
