cluster	size	longest_contig	n50	number_contigs	completeness	purity	av_cov	av_gc
DBSCAN_round3_84	17967	17967	17967	1	20.1438848921	100.0	7.19396671676	64.6184671898
DBSCAN_round3_0	5224643	984117	522551	77	90.6474820144	100.0	156.152368305	66.9080164903
DBSCAN_round4_1	4303171	81133	33519	154	44.6043165468	98.4126984127	8.0331680986	66.7701330019
DBSCAN_round1_3	5257077	747031	351837	26	99.2805755396	99.2805755396	13.9721849233	71.0726131651
DBSCAN_round1_2	2717767	1011852	682148	7	99.2805755396	100.0	829.615765075	65.8033598907
unclustered	2055521	381803	15839	115	35.9712230216	68.4931506849	42.0294193054	65.6778013944
DBSCAN_round1_5	3357159	84458	27746	140	80.5755395683	98.2456140351	7.84608146352	73.4085576525
DBSCAN_round1_4	6416890	486465	135542	87	98.5611510791	97.1631205674	800.829181582	50.1457092143
DBSCAN_round10_1	3119674	44216	18484	180	36.690647482	94.4444444444	7.18173116806	66.8479783465
DBSCAN_round2_1	4909200	1061437	353079	16	100.0	93.9189189189	196.926536503	64.9102094028
DBSCAN_round2_2	3372563	433656	96846	46	98.5611510791	99.2753623188	14.7879906172	64.1336277484
DBSCAN_round2_3	4100590	142230	34458	147	48.2014388489	97.1014492754	9.68339799882	60.6601489054
