cluster	size	longest_contig	n50	number_contigs	completeness	purity	av_cov	av_gc
DBSCAN_round4_12	1548481	33590	14374	106	37.4100719424	100.0	3.50014498079	70.2333448069
DBSCAN_round3_1	3988312	976915	478642	15	98.5611510791	98.5611510791	128.307260315	59.4511913812
DBSCAN_round3_0	3611917	1212517	623493	7	99.2805755396	95.8333333333	116.835085634	69.5361770495
DBSCAN_round3_2	3207995	684846	330904	14	88.4892086331	100.0	6.08065879155	67.2641322695
DBSCAN_round3_56	37550	37550	37550	1	33.8129496403	100.0	3.74258322237	65.2942743009
DBSCAN_round4_2	6790033	178169	41879	212	63.309352518	93.6170212766	6.06801704793	64.8357968216
DBSCAN_round2_12	4184134	152369	67342	92	89.928057554	98.4251968504	4.0590700489	70.495519503
DBSCAN_round1_2	5999750	813279	190583	61	96.4028776978	93.0555555556	6.83636901538	46.6042251761
DBSCAN_round2_15	3443979	105740	50679	100	96.4028776978	98.5294117647	151.128702585	41.6228728456
DBSCAN_round2_8	5409252	797930	687076	12	97.8417266187	95.7746478873	75.0818739818	74.364403803
unclustered	2641563	125130	16274	153	29.4964028777	89.1304347826	36.3416568145	61.794096904
DBSCAN_round2_10	4857863	288770	98393	90	87.7697841727	93.8461538462	8.18314061142	70.6814498474
DBSCAN_round5_0	1834535	468909	125513	25	23.0215827338	91.4285714286	6.91520194491	66.8901383729
DBSCAN_round2_4	7654074	1394600	589805	21	96.4028776978	94.3661971831	28.0648346227	69.9642438785
DBSCAN_round2_5	8617677	1283334	611146	48	96.4028776978	98.5294117647	8.45617363009	40.172902744
DBSCAN_round2_6	5285104	1152430	380807	29	97.8417266187	100.0	8.74384534344	63.7952441428
DBSCAN_round2_0	8341383	1654010	634213	198	98.5611510791	100.0	36.4908967734	51.6240532295
DBSCAN_round2_1	4127425	1923178	473565	9	98.5611510791	98.5611510791	10.0790928969	74.5195369994
DBSCAN_round2_3	4160713	1432213	1337354	15	98.5611510791	97.8571428571	118.273719672	68.0776347708
