cluster	size	longest_contig	n50	number_contigs	completeness	purity	av_cov	av_gc
DBSCAN_round52_0	2675455	687473	538044	8	98.5611510791	99.2753623188	66.4911971982	69.6225875599
DBSCAN_round3_4	4645120	182471	39508	142	53.2374100719	93.6708860759	12.8686462352	63.1338479953
DBSCAN_round56_0	2838983	1492614	1492614	5	96.4028776978	100.0	1563.75979814	68.9863940714
DBSCAN_round1_11	2709949	46119	18259	154	45.3237410072	98.4375	8.54471615517	65.9928655484
DBSCAN_round1_10	6533332	311747	63585	139	87.7697841727	97.6	18.6981074894	68.2504884185
DBSCAN_round4_2	2228526	129530	64234	49	23.7410071942	97.0588235294	12.5459837579	67.0684569083
DBSCAN_round3_14	1421482	33227	15711	87	20.8633093525	100.0	8.4671406321	65.0203801385
DBSCAN_round1_2	5482381	1908971	1161130	9	98.5611510791	99.2753623188	311.924801286	42.5373756402
DBSCAN_round2_15	227063	110176	42435	4	20.1438848921	100.0	14.6814496417	62.7204784575
DBSCAN_round1_6	3622350	552647	139778	43	76.2589928058	98.1481481481	32.1865225613	67.2792800254
DBSCAN_round1_5	5096521	578330	172545	42	77.6978417266	97.2972972973	62.3193990567	66.5707842664
DBSCAN_round1_4	3086674	1088675	693962	7	100.0	97.8873239437	31.7770635966	58.5366319864
DBSCAN_round2_4	3908338	406967	171312	31	76.9784172662	99.0740740741	12.5618139987	67.2380433831
DBSCAN_round1_9	3557103	277603	109208	44	64.7482014388	100.0	16.3279657632	64.2259445397
DBSCAN_round1_8	6498097	405911	146151	65	98.5611510791	97.8571428571	152.333137532	46.4804542007
DBSCAN_round2_0	2631083	2631083	2631083	1	100.0	100.0	120.376703434	66.7786991136
DBSCAN_round2_1	3867507	2585794	2585794	21	100.0	93.9189189189	249.297001401	64.9503155392
unclustered	6230379	409874	46541	205	38.8489208633	81.8181818182	31.9639907941	60.6941568081
