cluster	size	longest_contig	n50	number_contigs	completeness	purity	av_cov	av_gc
DBSCAN_round3_1	6814202	121379	31850	251	89.928057554	90.5797101449	18.0209549115	64.5694536205
DBSCAN_round1_3	4076660	697253	233765	63	100.0	92.0529801325	22.8726285734	67.6701760755
DBSCAN_round1_2	4944474	909915	473018	24	82.0143884892	97.4358974359	61.8054209609	69.507413731
DBSCAN_round1_1	3371513	1065723	715494	15	99.2805755396	97.8723404255	195.134770354	66.2576119386
DBSCAN_round1_7	5085095	349816	203990	37	98.5611510791	98.5611510791	972.564800461	47.6322074612
DBSCAN_round1_6	3292315	470221	174615	26	100.0	97.8873239437	16.6819156126	66.6889407605
DBSCAN_round1_5	6983384	477618	150732	86	95.6834532374	99.2537313433	18.5064971366	46.1463668617
DBSCAN_round1_4	3626159	519251	299386	15	100.0	99.2857142857	33.0072357555	70.6980030385
DBSCAN_round1_8	4475801	249613	89054	71	89.2086330935	96.875	19.8572606333	71.5600626569
DBSCAN_round2_0	2907104	1849721	1849721	7	99.2805755396	99.2805755396	711.573216163	68.4420302817
unclustered	2527830	123541	28515	106	17.2661870504	92.3076923077	27.5530862439	62.3991724127
