cluster	size	longest_contig	n50	number_contigs	completeness	purity	av_cov	av_gc
DBSCAN_round3_5	2999531	539345	369811	10	99.2805755396	99.2805755396	638.269246759	67.5185220623
DBSCAN_round3_6	3084526	2393756	2393756	3	99.2805755396	98.5714285714	166.450924388	67.954460426
DBSCAN_round1_0	6721657	370563	87732	109	99.2805755396	95.1724137931	340.813169729	55.1380262337
unclustered	199616	186757	186757	2	13.6690647482	100.0	34.6113638185	61.3107165759
DBSCAN_round2_4	3841198	1102180	905164	6	86.3309352518	100.0	35.3989317916	64.3463315351
DBSCAN_round2_7	5475541	2062810	1736790	5	99.2805755396	100.0	47.9562689787	66.278765879
DBSCAN_round2_1	3640398	2608977	2608977	5	97.1223021583	98.5401459854	18.0928044132	68.5156403228
DBSCAN_round2_2	4513527	381542	251074	28	64.7482014388	98.9010989011	26.2574817875	60.6435499333
DBSCAN_round2_3	3906853	700704	557406	12	100.0	97.8873239437	1146.87477338	65.0671525138
