cluster	size	longest_contig	n50	number_contigs	completeness	purity	av_cov	av_gc
DBSCAN_round45_0	2428731	264096	102890	38	38.8489208633	98.1818181818	59.4420868347	62.7290959765
DBSCAN_round19_0	3014839	537434	306671	12	22.3021582734	100.0	79.1989562295	63.2563463588
DBSCAN_round47_0	4067990	388486	152023	37	29.4964028777	97.619047619	33.321938107	61.2824761123
DBSCAN_round1_3	5596830	1432242	579482	21	99.2805755396	100.0	20.7303882734	66.5811539747
DBSCAN_round1_2	4299744	938835	635545	13	99.2805755396	93.8775510204	323.492743754	68.0742853528
DBSCAN_round1_1	3256244	1217932	724404	9	100.0	100.0	526.64430921	65.2959053437
DBSCAN_round1_0	8499128	1724978	1051194	20	97.1223021583	98.5401459854	40.3253580838	51.3754116893
DBSCAN_round1_7	7135367	192572	61293	154	61.8705035971	100.0	19.9511241678	67.9141801676
DBSCAN_round47_1	3589151	552534	239111	23	43.8848920863	100.0	111.203401027	62.5663562218
DBSCAN_round1_4	2807143	884240	287543	14	99.2805755396	100.0	67.6702519252	69.5404544763
DBSCAN_round2_9	880231	279088	204550	6	28.0575539568	100.0	106.350564795	63.4609551356
DBSCAN_round1_6	6912620	345970	125498	95	98.5611510791	97.1631205674	684.254864726	51.1008127164
