cluster	size	longest_contig	n50	number_contigs	completeness	purity	av_cov	av_gc
DBSCAN_round3_5	3147787	517269	360414	12	99.2805755396	99.2805755396	171.6014203	66.6654382905
DBSCAN_round3_10	87160	69263	69263	2	20.1438848921	100.0	11.0032698486	64.2748967416
DBSCAN_round3_1	6396258	389710	76019	160	76.2589928058	99.0654205607	30.047703204	65.0178432452
DBSCAN_round3_0	5725423	501825	161925	43	61.1510791367	98.8372093023	11.7025942013	64.516333553
DBSCAN_round1_1	8066605	452080	152152	84	99.2805755396	97.8723404255	140.047606397	42.5487922118
unclustered	423424	129126	97872	10	16.5467625899	82.1428571429	57.7786167057	65.0983411427
DBSCAN_round2_4	5047011	1407101	423832	24	96.4028776978	97.8102189781	1359.85295098	63.204815682
DBSCAN_round2_5	5017226	643335	303249	21	99.2805755396	97.1830985915	68.2957710097	71.32154302
DBSCAN_round2_6	5372942	2040136	1714350	3	100.0	97.8873239437	52.2126354612	65.6658307497
DBSCAN_round3_34	35209	18538	18538	2	25.8992805755	100.0	16.1851231219	63.2792751853
DBSCAN_round2_1	6995541	136679	40634	209	91.3669064748	99.21875	9.0955867459	68.0112088543
DBSCAN_round2_2	5082604	778944	407230	17	99.2805755396	99.2805755396	33.5735829508	67.4653976584
DBSCAN_round2_3	5753623	461448	187801	56	98.5611510791	95.8041958042	21.8849224219	71.259239613
