cluster	size	longest_contig	n50	number_contigs	completeness	purity	av_cov	av_gc
DBSCAN_round3_1	4527241	525378	185635	44	97.1223021583	97.8260869565	26.9230054243	65.6288012942
DBSCAN_round4_4	4005107	412160	195964	33	99.2805755396	97.8723404255	13.8284789894	63.6277632533
DBSCAN_round4_5	6237248	397190	134135	69	86.3309352518	93.023255814	17.6879546877	62.9640828776
DBSCAN_round4_2	4386054	734188	529096	23	99.2805755396	99.2805755396	20.0922207068	63.7959769761
DBSCAN_round4_3	60365	37979	37979	2	33.8129496403	97.9166666667	31.5640685828	61.974654187
DBSCAN_round4_0	3341071	3327825	3327825	2	100.0	100.0	417.261155779	64.1507169407
DBSCAN_round4_1	4562087	741586	489783	18	78.4172661871	93.1623931624	46.3553022991	62.4528203868
DBSCAN_round1_2	6379977	593750	265393	39	99.2805755396	97.8723404255	16.1891702744	66.2735774753
unclustered	4747742	98621	14976	296	44.6043165468	88.5714285714	31.2837633132	64.8684785315
DBSCAN_round2_1	3789671	1109337	407721	15	97.8417266187	98.5507246377	67.7124254322	38.0216646775
DBSCAN_round2_2	8493665	581756	233048	60	97.8417266187	97.1428571429	796.669636135	54.0966355513
