cluster	size	longest_contig	n50	number_contigs	completeness	purity	av_cov	av_gc
DBSCAN_round34_0	4990253	101952	25629	223	73.381294964	95.3271028037	9.52337045837	68.1616543289
DBSCAN_round41_0	1288868	701138	701138	2	32.3741007194	100.0	399.126936195	68.9822386777
DBSCAN_round23_0	1387435	1083300	1083300	4	30.9352517986	100.0	384.464872949	68.7732398275
DBSCAN_round50_2	340702	125296	96707	4	38.8489208633	100.0	384.537968665	67.8686946364
DBSCAN_round50_1	2752226	1131671	986619	5	97.1223021583	100.0	487.816397709	67.9675288294
DBSCAN_round1_1	5911223	312440	150669	77	99.2805755396	93.2432432432	1095.78660592	55.3268080057
unclustered	510694	101875	23204	23	30.2158273381	97.6744186047	9.00976710123	67.6060419742
DBSCAN_round2_1	5208025	1245445	628874	16	99.2805755396	96.5034965035	68.5174070785	75.7801661858
DBSCAN_round2_2	6028361	965313	346176	27	100.0	98.5815602837	37.2641849086	68.0560603454
