cluster	size	longest_contig	n50	number_contigs	completeness	purity	av_cov	av_gc
DBSCAN_round39_0	2118967	1945317	1945317	5	81.2949640288	91.1290322581	153.394592742	59.1301327486
DBSCAN_round1_2	5960064	1217453	652032	21	98.5611510791	99.2753623188	217.27615341	63.5006939523
DBSCAN_round16_0	4388861	1394088	546720	12	99.2805755396	97.1830985915	83.8483957455	71.8971277514
DBSCAN_round1_3	2598148	1190199	1117287	5	100.0	100.0	28.9770463422	66.4858583883
DBSCAN_round17_0	4057711	1755490	1574526	6	98.5611510791	99.2753623188	44.9274211495	73.2510521326
DBSCAN_round54_0	794613	290389	254436	6	25.1798561151	100.0	70.6146828707	59.065859733
DBSCAN_round1_7	7360734	215294	56241	173	97.1223021583	91.8367346939	117.60335654	41.6307938855
DBSCAN_round1_6	7408869	544939	206872	56	99.2805755396	95.1724137931	132.419162223	54.2291947664
DBSCAN_round1_5	4187779	596440	136727	63	97.1223021583	100.0	11.4366605783	67.7003729184
DBSCAN_round1_4	4566525	720673	342671	22	97.8417266187	97.8417266187	1188.14227514	63.9072817952
DBSCAN_round2_2	1916753	383122	135246	18	48.2014388489	94.3661971831	42.6655015017	59.8631644244
unclustered	1624057	280554	91140	32	27.3381294964	74.5098039216	31.4154823384	59.0024857502
