cluster	size	longest_contig	n50	number_contigs	completeness	purity	av_cov	av_gc
DBSCAN_round1_3	5626650	1259321	251184	30	100.0	97.2027972028	114.784293496	65.2671838483
DBSCAN_round2_4	8822839	353185	150663	108	82.0143884892	99.1304347826	20.0163154966	69.3526652815
DBSCAN_round1_1	4670263	1456109	886122	16	99.2805755396	98.5714285714	72.4281985832	67.8750211712
DBSCAN_round1_0	5131942	1771220	907828	19	94.2446043165	100.0	39.2104139135	65.2995298856
DBSCAN_round1_5	5623748	700313	447283	35	98.5611510791	99.2753623188	14.2135890513	63.3720429863
DBSCAN_round1_4	5386607	1147201	703515	20	97.8417266187	99.2700729927	26.5173538741	47.6910604393
DBSCAN_round3_20	50726	50726	50726	1	33.8129496403	100.0	8.31467097741	62.1614162362
DBSCAN_round1_9	2581003	455185	248305	20	84.1726618705	99.1525423729	570.141467484	69.6225072191
DBSCAN_round1_8	5451788	550109	212125	43	95.6834532374	97.0802919708	110.762165	63.6570974513
DBSCAN_round2_2	3790027	667889	508210	12	99.2805755396	97.8723404255	202.376314997	67.4144537757
DBSCAN_round2_3	8182277	648901	102058	125	65.4676258993	95.7894736842	21.7292950361	62.6367330268
DBSCAN_round3_11	90611	90611	90611	1	33.8129496403	100.0	56.1044685524	63.6743883193
DBSCAN_round1_13	2839176	70738	21462	144	77.6978417266	96.4285714286	6.30750471263	72.5225558401
DBSCAN_round1_12	3478461	121039	39661	111	69.7841726619	97.9797979798	8.03134144669	66.2674096389
DBSCAN_round1_11	4198540	212396	57639	99	97.1223021583	99.2647058824	845.606244075	62.4082419127
DBSCAN_round1_10	3027447	413782	364315	14	99.2805755396	100.0	56.8615301936	31.0561010647
DBSCAN_round81_0	3783391	927869	469596	15	78.4172661871	94.7826086957	64.7002625422	65.4195931639
DBSCAN_round3_0	3254831	1389929	695372	6	98.5611510791	97.8571428571	69.2644631933	65.0106564673
DBSCAN_round3_3	4961304	673013	194342	26	56.8345323741	96.3414634146	59.1214598017	64.022220771
DBSCAN_round3_2	2332937	898176	401884	8	57.5539568345	98.7654320988	256.753339246	66.1427633922
DBSCAN_round4_4	203154	203154	203154	1	23.0215827338	100.0	262.315853983	65.5650393298
unclustered	4561881	411225	117341	65	39.5683453237	84.6153846154	110.737164122	64.556506406
