cluster	size	longest_contig	n50	number_contigs	completeness	purity	av_cov	av_gc
DBSCAN_round1_4	5646248	586027	192814	60	97.8417266187	98.5507246377	32.9355412656	36.6183702877
DBSCAN_round1_3	9546647	631503	167421	92	100.0	94.5578231293	53.5693360192	40.8117111694
DBSCAN_round1_2	3988810	574805	388742	21	99.2805755396	98.5714285714	32.7195333947	67.3773381033
DBSCAN_round2_12	3761772	412322	197473	24	97.8417266187	98.5507246377	358.326692846	70.3706657394
DBSCAN_round2_9	2911114	770112	548578	12	100.0	100.0	858.748658074	67.564856615
DBSCAN_round2_10	3871161	1056674	512242	9	97.1223021583	98.5401459854	366.350652944	66.1482950464
DBSCAN_round2_11	3039426	539055	236588	22	99.2805755396	99.2805755396	51.1443900921	69.0498140109
DBSCAN_round2_5	5650744	630350	420832	20	99.2805755396	97.1830985915	208.321189741	65.5409446968
DBSCAN_round2_7	6544903	1362654	368860	31	97.1223021583	98.5401459854	106.437117403	65.1338453756
DBSCAN_round2_2	3131169	2156240	2156240	3	100.0	100.0	1261.56418769	66.0435447592
DBSCAN_round2_3	5543349	1863474	597428	14	99.2805755396	99.2805755396	32.5392907789	69.3561419279
DBSCAN_round3_5	6477761	581503	347531	34	97.8417266187	100.0	23.4803076248	64.5668001644
DBSCAN_round3_4	3894726	1044241	523955	12	92.0863309353	98.4615384615	48.1033428282	65.6458246357
DBSCAN_round3_0	5675274	2433386	691906	65	97.8417266187	93.1506849315	54.2957621077	55.8097283056
DBSCAN_round3_2	4744879	1630080	1004076	10	97.8417266187	98.5507246377	99.0563826813	65.1762247257
DBSCAN_round4_4	719061	511034	511034	3	26.618705036	100.0	103.45749248	67.8949352002
DBSCAN_round4_3	2672046	924392	605504	18	82.7338129496	97.4576271186	45.2174468553	68.8437998448
DBSCAN_round4_0	4747154	2240044	1466690	9	99.2805755396	97.8723404255	86.2260457529	68.028296533
DBSCAN_round4_1	4064909	1581584	1339705	8	58.9928057554	100.0	106.284334532	68.6965440063
unclustered	1837585	144869	15459	110	30.9352517986	95.5555555556	27.4581246582	59.5049480704
DBSCAN_round5_0	4079025	1451712	1101034	57	27.3381294964	95.0	42.4282557719	68.2919079927
DBSCAN_round2_8	8316277	1215991	279783	52	97.1223021583	95.7446808511	136.954477586	69.3226668616
DBSCAN_round2_13	5279678	304832	150580	58	95.6834532374	99.2537313433	19.7093872013	64.6093568585
