cluster	size	longest_contig	n50	number_contigs	completeness	purity	av_cov	av_gc
DBSCAN_round4_16	58621	40237	40237	2	31.654676259	100.0	22.9338121151	66.0838266151
DBSCAN_round6_2	2282407	104586	24934	103	33.0935251799	100.0	25.2824128212	67.9964178168
DBSCAN_round3_1	3697773	694926	181764	29	69.7841726619	100.0	29.8162091075	65.9509656217
DBSCAN_round1_14	2115768	56817	17917	120	40.2877697842	98.2456140351	8.27584262547	64.0145800485
DBSCAN_round3_3	4216200	257746	109784	51	74.1007194245	97.1698113208	20.9606055216	64.1657416631
DBSCAN_round7_0	2827042	269852	61853	100	20.8633093525	93.5483870968	18.7966245284	65.9580579277
DBSCAN_round1_10	5543122	577871	367436	24	97.8417266187	97.1428571429	193.774785762	75.0702943215
DBSCAN_round4_0	5180783	915061	350596	28	69.7841726619	94.1747572816	18.3404303944	67.5930839026
unclustered	2579835	156859	41808	96	38.8489208633	65.0602409639	21.9024398847	67.2304624133
DBSCAN_round1_3	6978867	1249236	325692	75	99.2805755396	90.1960784314	54.8642321168	61.1120114483
DBSCAN_round2_3	3272803	75330	22515	161	56.1151079137	98.7341772152	8.83422711358	63.1001315997
DBSCAN_round1_1	2927039	1476528	1476528	3	99.2805755396	100.0	885.225781071	68.9713051312
DBSCAN_round1_0	5146602	2361256	944438	27	100.0	96.5277777778	184.337400677	64.8865406729
DBSCAN_round1_6	4411258	783516	456654	14	98.5611510791	99.2753623188	52.7979775837	65.7885800377
DBSCAN_round1_11	4812643	570687	325579	28	98.5611510791	98.5611510791	35.4522504578	68.3350084351
DBSCAN_round1_4	8213576	1109467	359329	47	97.8417266187	95.7746478873	95.731323482	48.3463719091
DBSCAN_round5_0	3176191	319207	65105	60	46.0431654676	92.7536231884	20.9657923595	66.7880174712
DBSCAN_round1_9	7565588	659845	326912	44	96.4028776978	94.3661971831	122.85753533	73.1803529349
DBSCAN_round1_8	3592935	689373	195780	31	79.1366906475	98.2142857143	44.4135106814	69.5063228252
DBSCAN_round2_0	5705747	1386470	561070	16	95.6834532374	99.2537313433	21.3980428855	63.5327153482
DBSCAN_round1_12	7783819	448230	200765	80	98.5611510791	95.1388888889	223.530996032	41.537309642
