cluster	size	longest_contig	n50	number_contigs	completeness	purity	av_cov	av_gc
DBSCAN_round3_241	18038	18038	18038	1	20.1438848921	100.0	7.59795986251	64.8076283402
DBSCAN_round1_3	6173028	1409520	673709	18	100.0	99.2857142857	21.4074616218	66.7156863698
DBSCAN_round1_1	7212509	2524484	2039501	4	99.2805755396	99.2805755396	27.2740587221	63.1791655303
DBSCAN_round1_0	13015030	5266875	1589187	147	98.5611510791	99.2753623188	157.547470502	51.6672339595
DBSCAN_round1_7	7360925	306840	69849	140	96.4028776978	97.1014492754	527.524303671	42.555847261
DBSCAN_round1_6	3867131	539513	307435	22	99.2805755396	99.2805755396	76.6677464508	67.574669697
DBSCAN_round1_4	5665762	815568	728608	13	100.0	97.2027972028	63.1118795671	71.4853889027
DBSCAN_round1_9	7040533	180551	35394	242	77.6978417266	100.0	11.2954277751	72.6094459042
DBSCAN_round2_1	4270685	839577	752164	8	100.0	98.5815602837	178.854341868	65.282080041
DBSCAN_round2_2	3531799	472297	155608	33	85.6115107914	100.0	29.3853319512	65.1752831914
DBSCAN_round1_11	2219361	38536	16035	139	28.7769784173	100.0	8.7899066443	62.5749033168
DBSCAN_round1_10	5663229	96956	25773	242	72.6618705036	96.1904761905	10.0761922218	64.1689043477
unclustered	5774898	249996	46932	176	74.8201438849	60.1156069364	21.931820614	65.3922199145
DBSCAN_round88_1	1786283	73404	25578	78	23.7410071942	91.6666666667	17.605118002	65.3000112524
DBSCAN_round3_5	124018	124018	124018	1	30.2158273381	100.0	21.1307471496	64.9534744956
DBSCAN_round3_4	1015427	285626	136426	7	21.5827338129	100.0	12.6417260916	65.776860375
DBSCAN_round24_0	2685856	232060	96257	38	35.9712230216	94.3396226415	38.7130695019	65.8044213837
DBSCAN_round3_1	4595544	1841137	646951	8	62.5899280576	96.6666666667	21.1422356091	64.3395428267
DBSCAN_round3_0	4324025	1966276	1702885	4	89.928057554	100.0	20.9186468626	62.6536849348
DBSCAN_round3_2	5086789	1736984	1421758	6	99.2805755396	100.0	22.1323528458	63.6170086866
DBSCAN_round4_0	4267086	570211	83864	68	63.309352518	93.6170212766	13.6578217547	65.83570146
DBSCAN_round5_2	3848672	188957	100118	56	39.5683453237	91.6666666667	19.6232336765	66.1800226156
