cluster	size	longest_contig	n50	number_contigs	completeness	purity	av_cov	av_gc
DBSCAN_round1_3	4239784	956391	542626	16	97.8417266187	97.1428571429	68.5021369013	59.4418725105
DBSCAN_round1_2	3773902	1107339	1030656	8	98.5611510791	99.2753623188	511.992999553	70.3088209498
DBSCAN_round1_1	6473716	1795359	699042	22	97.1223021583	98.5401459854	141.933587912	39.6885498221
DBSCAN_round1_0	4196702	3959288	3959288	2	99.2805755396	98.5714285714	115.900127529	69.2156841253
DBSCAN_round1_7	5125873	204742	85997	87	86.3309352518	96.7741935484	10.3857097123	45.9105014892
DBSCAN_round1_6	6433209	224144	55468	171	97.8417266187	97.8417266187	22.8291690819	65.8365055449
DBSCAN_round1_5	3988016	358564	121538	61	94.2446043165	97.037037037	9.69610628443	61.9310955623
DBSCAN_round1_4	3323136	843327	448702	9	100.0	99.2857142857	1824.19836113	65.7827726581
unclustered	230044	53794	31541	9	unknown	unknown	9.38142703135	45.2674271009
